25.0
14.0
24.0
62.0
11.0
20.0
21.0
20.0
27.0
17.0
20.0
10.0
29.0
33.0
24.0
13.0
14.0
18.0
40.0
10.0
27.0
14.0
14.0
17.0
17.0
17.0
25.0
12.0
63.0
27.0
14.0
17.0
16.0
10.0
13.0
27.0
19.0
24.0
13.0
25.0
41.0
12.0
38.0
15.0
18.0
11.0
72.0
9.0
22.0
33.0
18.0
15.0
28.0
10.0
21.0
12.0
14.0
24.0
15.0
16.0
15.0
30.0
14.0
46.0
12.0
19.0
29.0
13.0
13.0
10.0
15.0
22.0
11.0
19.0
31.0
12.0
12.0
17.0
11.0
10.0
22.0
11.0
38.0
24.0
11.0
21.0
42.0
12.0
13.0
22.0
17.0
14.0
14.0
13.0
12.0
9.0
10.0
18.0
11.0
9.0
21.0
22.0
13.0
29.0
39.0
13.0
38.0
15.0
14.0
10.0
18.0
14.0
21.0
10.0
10.0
14.0
11.0
15.0
12.0
14.0
11.0
12.0
17.0
15.0
9.0
10.0
10.0
10.0
17.0
10.0
11.0
12.0
10.0
12.0
13.0
18.0
13.0
26.0
11.0
14.0
10.0
10.0
14.0
13.0
11.0
14.0
20.0
18.0
16.0
11.0
14.0
16.0
13.0
9.0
13.0
11.0
9.0
13.0
11.0
13.0
9.0
10.0
14.0
11.0
10.0
9.0
11.0
20.0
10.0
10.0
12.0
13.0
13.0
14.0
13.0
9.0
9.0
15.0
9.0
18.0
9.0
11.0
10.0
8.0
13.0
9.0
15.0
10.0
13.0
10.0
13.0
9.0
10.0
13.0
9.0
19.0
12.0
11.0
8.0
11.0
17.0
11.0
12.0
12.0
12.0
8.0
11.0
12.0
11.0
15.0
9.0
10.0
10.0
13.0
10.0
11.0
11.0
9.0
9.0
14.0
11.0
8.0
9.0
10.0
9.0
9.0
12.0
10.0
10.0
11.0
11.0
10.0
10.0
13.0
13.0
10.0
9.0
11.0
8.0
16.0
11.0
8.0
9.0
11.0
10.0
10.0
10.0
10.0
8.0
12.0
11.0
12.0
13.0
9.0
10.0
8.0
12.0
13.0
10.0
10.0
13.0
12.0
9.0
9.0
11.0
10.0
9.0
11.0
11.0
11.0
11.0
9.0
9.0
10.0
10.0
11.0
8.0
9.0
10.0
12.0
10.0
10.0
9.0
9.0
9.0
11.0
10.0
10.0
23.0
13.0
13.0
10.0
10.0
9.0
14.0
9.0
11.0
9.0
14.0
9.0
15.0
9.0
8.0
14.0
12.0
9.0
9.0
12.0
10.0
9.0
10.0
8.0
11.0
9.0
9.0
12.0
8.0
10.0
14.0
9.0
9.0
11.0
13.0
9.0
10.0
8.0
10.0
8.0
13.0
10.0
11.0
9.0
11.0
9.0
8.0
10.0
9.0
11.0
10.0
10.0
14.0
9.0
10.0
14.0
9.0
12.0
15.0
10.0
10.0
9.0
11.0
13.0
11.0
11.0
10.0
11.0
10.0
13.0
10.0
8.0
9.0
10.0
11.0
10.0
11.0
13.0
12.0
13.0
12.0
13.0
17.0
20.0
21.0
14.0
46.0
14.0
19.0
22.0
14.0
24.0
23.0
22.0
26.0
27.0
23.0
19.0
19.0
25.0
17.0
19.0
37.0
41.0
19.0
28.0
20.0
26.0
16.0
24.0
17.0
43.0
23.0
42.0
29.0
19.0
17.0
25.0
19.0
20.0
17.0
49.0
27.0
24.0
17.0
28.0
24.0
19.0
45.0
50.0
19.0
49.0
64.0
54.0
21.0
53.0
54.0
37.0
38.0
20.0
53.0
72.0
97.0
42.0
68.0
64.0
63.0
54.0
41.0
54.0
46.0
115.0
46.0
42.0
53.0
52.0
40.0
43.0
51.0
40.0
33.0
36.0
18.0
23.0
17.0
24.0
31.0
32.0
23.0
22.0
23.0
23.0
28.0
22.0
23.0
15.0
27.0
27.0
28.0
21.0
30.0
25.0
23.0
37.0
29.0
32.0
21.0
26.0
31.0
84.0
58.0
56.0
21.0
21.0
63.0
21.0
65.0
58.0
19.0
40.0
27.0
54.0
116.0
91.0
49.0
96.0
36.0
44.0
55.0
29.0
32.0
51.0
31.0
57.0
72.0
49.0
49.0
27.0
18.0
24.0
21.0
17.0
18.0
19.0
16.0
16.0
16.0
16.0
22.0
22.0
23.0
22.0
27.0
18.0
16.0
27.0
26.0
19.0
19.0
34.0
36.0
19.0
33.0
26.0
17.0
20.0
21.0
30.0
28.0
18.0
22.0
25.0
21.0
26.0
23.0
23.0
17.0
17.0
34.0
24.0
21.0
22.0
20.0
21.0
33.0
23.0
27.0
27.0
18.0
21.0
19.0
25.0
21.0
19.0
25.0
21.0
25.0
34.0
38.0
38.0
44.0
41.0
30.0
41.0
28.0
42.0
24.0
28.0
33.0
33.0
20.0
23.0
29.0
21.0
18.0
23.0
23.0
18.0
23.0
30.0
18.0
19.0
19.0
33.0
27.0
25.0
23.0
21.0
32.0
30.0
78.0
39.0
48.0
60.0
59.0
41.0
46.0
28.0
31.0
28.0
28.0
30.0
120.0
37.0
56.0
62.0
53.0
39.0
34.0
32.0
57.0
36.0
29.0
34.0
41.0
28.0
26.0
44.0
42.0
86.0
53.0
53.0
43.0
33.0
44.0
33.0
28.0
29.0
26.0
33.0
34.0
36.0
23.0
28.0
22.0
32.0
24.0
28.0
34.0
30.0
26.0
34.0
20.0
28.0
23.0
26.0
29.0
21.0
23.0
26.0
34.0
28.0
21.0
22.0
30.0
30.0
39.0
26.0
29.0
45.0
33.0
35.0
54.0
42.0
30.0
39.0
39.0
40.0
29.0
26.0
46.0
26.0
33.0
30.0
42.0
44.0
39.0
45.0
33.0
43.0
28.0
39.0
35.0
51.0
45.0
38.0
55.0
35.0
35.0
44.0
78.0
72.0
62.0
41.0
42.0
81.0
56.0
29.0
57.0
33.0
49.0
37.0
43.0
33.0
61.0
34.0
54.0
40.0
172.0
138.0
200.0
200.0
100.0
59.0
200.0
200.0
59.0
200.0
64.0
45.0
78.0
50.0
43.0
48.0
143.0
42.0
150.0
81.0
51.0
39.0
46.0
57.0
46.0
66.0
36.0
65.0
37.0
126.0
35.0
52.0
68.0
40.0
72.0
32.0
50.0
52.0
96.0
50.0
67.0
38.0
37.0
49.0
39.0
49.0
35.0
32.0
22.0
26.0
37.0
29.0
28.0
44.0
30.0
65.0
49.0
65.0
37.0
51.0
54.0
53.0
91.0
75.0
46.0
48.0
78.0
56.0
34.0
30.0
44.0
34.0
30.0
44.0
31.0
32.0
34.0
34.0
26.0
25.0
42.0
22.0
29.0
24.0
23.0
29.0
38.0
22.0
26.0
35.0
23.0
33.0
30.0
25.0
34.0
31.0
35.0
31.0
53.0
31.0
30.0
40.0
29.0
46.0
45.0
75.0
97.0
71.0
51.0
67.0
62.0
81.0
38.0
35.0
93.0
35.0
31.0
39.0
32.0
35.0
41.0
30.0
32.0
45.0
49.0
31.0
44.0
45.0
38.0
41.0
38.0
40.0
33.0
38.0
24.0
28.0
34.0
27.0
36.0
35.0
37.0
34.0
32.0
51.0
58.0
38.0
51.0
80.0
43.0
43.0
47.0
29.0
39.0
29.0
40.0
39.0
36.0
34.0
40.0
26.0
39.0
35.0
26.0
31.0
35.0
32.0
30.0
28.0
35.0
44.0
42.0
41.0
41.0
28.0
63.0
61.0
35.0
32.0
34.0
45.0
41.0
51.0
28.0
39.0
46.0
30.0
28.0
40.0
23.0
26.0
26.0
29.0
28.0
34.0
30.0
28.0
26.0
21.0
27.0
34.0
26.0
28.0
30.0
33.0
26.0
27.0
36.0
26.0
34.0
36.0
46.0
44.0
30.0
31.0
41.0
34.0
33.0
73.0
30.0
37.0
46.0
34.0
38.0
51.0
42.0
40.0
28.0
31.0
30.0
27.0
35.0
36.0
35.0
28.0
31.0
37.0
28.0
34.0
30.0
39.0
42.0
48.0
31.0
36.0
45.0
52.0
40.0
43.0
41.0
51.0
53.0
41.0
41.0
43.0
39.0
55.0
200.0
50.0
179.0
69.0
59.0
200.0
29.0
77.0
47.0
34.0
31.0
32.0
52.0
50.0
38.0
49.0
46.0
40.0
58.0
61.0
62.0
56.0
200.0
28.0
30.0
83.0
34.0
35.0
45.0
30.0
35.0
41.0
45.0
77.0
70.0
133.0
90.0
49.0
86.0
36.0
40.0
62.0
35.0
64.0
34.0
61.0
45.0
46.0
62.0
69.0
36.0
56.0
200.0
70.0
46.0
41.0
62.0
46.0
62.0
43.0
52.0
36.0
40.0
37.0
41.0
44.0
27.0
41.0
29.0
30.0
89.0
76.0
42.0
37.0
29.0
49.0
45.0
40.0
53.0
40.0
61.0
51.0
118.0
43.0
67.0
197.0
55.0
136.0
60.0
32.0
41.0
58.0
58.0
58.0
64.0
53.0
29.0
54.0
32.0
38.0
40.0
26.0
46.0
50.0
61.0
53.0
40.0
32.0
64.0
62.0
77.0
58.0
110.0
200.0
200.0
200.0
200.0
200.0
200.0
61.0
49.0
200.0
200.0
200.0
58.0
44.0
34.0
44.0
24.0
38.0
44.0
43.0
36.0
30.0
32.0
32.0
29.0
45.0
29.0
29.0
60.0
29.0
43.0
56.0
32.0
32.0
32.0
70.0
34.0
43.0
32.0
33.0
31.0
84.0
60.0
28.0
32.0
31.0
26.0
37.0
60.0
56.0
47.0
58.0
46.0
32.0
67.0
38.0
64.0
38.0
53.0
44.0
39.0
71.0
182.0
200.0
53.0
76.0
44.0
55.0
195.0
44.0
49.0
61.0
200.0
62.0
45.0
33.0
98.0
57.0
40.0
200.0
200.0
54.0
90.0
65.0
49.0
200.0
46.0
51.0
40.0
60.0
53.0
34.0
42.0
41.0
62.0
51.0
31.0
43.0
38.0
31.0
35.0
33.0
44.0
37.0
83.0
55.0
43.0
39.0
41.0
45.0
54.0
54.0
48.0
200.0
200.0
97.0
200.0
66.0
200.0
66.0
196.0
200.0
37.0
43.0
59.0
61.0
48.0
89.0
56.0
39.0
200.0
44.0
59.0
38.0
76.0
37.0
39.0
73.0
57.0
55.0
33.0
55.0
52.0
41.0
62.0
63.0
36.0
45.0
49.0
41.0
81.0
57.0
76.0
49.0
52.0
63.0
200.0
200.0
53.0
63.0
63.0
55.0
69.0
58.0
200.0
63.0
68.0
200.0
58.0
92.0
74.0
200.0
200.0
200.0
200.0
197.0
141.0
200.0
200.0
200.0
200.0
78.0
200.0
61.0
187.0
74.0
64.0
84.0
71.0
78.0
49.0
67.0
38.0
42.0
89.0
64.0
55.0
74.0
56.0
62.0
60.0
56.0
58.0
200.0
73.0
87.0
87.0
183.0
200.0
69.0
58.0
58.0
68.0
101.0
70.0
67.0
68.0
45.0
46.0
99.0
52.0
51.0
42.0
53.0
44.0
42.0
66.0
52.0
44.0
68.0
44.0
56.0
39.0
71.0
74.0
41.0
80.0
61.0
100.0
200.0
95.0
200.0
164.0
200.0
103.0
83.0
158.0
183.0
73.0
75.0
200.0
91.0
65.0
112.0
53.0
108.0
51.0
58.0
77.0
82.0
80.0
53.0
59.0
64.0
83.0
200.0
61.0
55.0
100.0
64.0
200.0
200.0
57.0
84.0
81.0
86.0
84.0
70.0
62.0
81.0
66.0
72.0
70.0
89.0
58.0
45.0
53.0
46.0
49.0
65.0
46.0
63.0
75.0
57.0
52.0
60.0
63.0
54.0
54.0
60.0
86.0
109.0
73.0
73.0
66.0
126.0
82.0
64.0
66.0
72.0
67.0
116.0
62.0
75.0
200.0
82.0
87.0
84.0
130.0
111.0
200.0
117.0
130.0
200.0
200.0
200.0
107.0
200.0
129.0
81.0
94.0
127.0
89.0
85.0
80.0
200.0
110.0
80.0
200.0
200.0
200.0
200.0
200.0
167.0
200.0
71.0
200.0
65.0
44.0
58.0
200.0
88.0
48.0
95.0
166.0
200.0
200.0
89.0
90.0
65.0
63.0
86.0
55.0
47.0
71.0
70.0
44.0
53.0
83.0
60.0
90.0
67.0
89.0
121.0
200.0
200.0
129.0
200.0
200.0
103.0
200.0
152.0
200.0
200.0
200.0
128.0
140.0
108.0
200.0
159.0
109.0
96.0
85.0
89.0
81.0
71.0
89.0
168.0
97.0
106.0
84.0
126.0
85.0
150.0
88.0
169.0
80.0
84.0
95.0
99.0
82.0
101.0
119.0
129.0
163.0
125.0
147.0
121.0
200.0
133.0
200.0
200.0
134.0
179.0
174.0
61.0
200.0
142.0
200.0
200.0
200.0
197.0
162.0
165.0
118.0
118.0
126.0
200.0
132.0
120.0
200.0
200.0
170.0
200.0
200.0
200.0
200.0
95.0
130.0
175.0
200.0
64.0
63.0
200.0
70.0
144.0
200.0
200.0
200.0
75.0
200.0
200.0
200.0
200.0
133.0
136.0
126.0
124.0
183.0
125.0
133.0
127.0
180.0
125.0
143.0
161.0
145.0
138.0
154.0
200.0
145.0
200.0
78.0
111.0
67.0
54.0
61.0
49.0
61.0
37.0
36.0
34.0
58.0
59.0
37.0
60.0
68.0
102.0
200.0
200.0
200.0
171.0
166.0
120.0
122.0
141.0
135.0
136.0
121.0
111.0
133.0
151.0
200.0
200.0
200.0
124.0
66.0
60.0
65.0
200.0
55.0
42.0
84.0
76.0
200.0
200.0
200.0
93.0
200.0
200.0
200.0
138.0
98.0
200.0
200.0
200.0
200.0
134.0
90.0
200.0
200.0
200.0
200.0
200.0
140.0
200.0
122.0
98.0
200.0
72.0
55.0
54.0
78.0
122.0
82.0
111.0
200.0
200.0
200.0
200.0
200.0
200.0
200.0
200.0
171.0
200.0
200.0
200.0
101.0
200.0
200.0
84.0
60.0
60.0
93.0
84.0
64.0
61.0
89.0
120.0
200.0
200.0
200.0
200.0
200.0
129.0
200.0
165.0
165.0
136.0
200.0
159.0
170.0
200.0
200.0
200.0
200.0
200.0
200.0
200.0
100.0
114.0
200.0
200.0
200.0
200.0
164.0
200.0
200.0
200.0
200.0
200.0
200.0
200.0
200.0
80.0
192.0
79.0
200.0
200.0
200.0
76.0
200.0
200.0
200.0
74.0
200.0
49.0
57.0
200.0
82.0
56.0
200.0
196.0
200.0
99.0
200.0
200.0
97.0
200.0
200.0
93.0
200.0
200.0
200.0
200.0
197.0
200.0
176.0
200.0
200.0
200.0
200.0
200.0
200.0
200.0
85.0
200.0
200.0
200.0
107.0
200.0
175.0
200.0
200.0
200.0
200.0
178.0
171.0
156.0
187.0
152.0
200.0
150.0
200.0
130.0
200.0
200.0
200.0
175.0
200.0
200.0
200.0
200.0
153.0
200.0
200.0
200.0
187.0
200.0
196.0
200.0
200.0
151.0
200.0
178.0
129.0
138.0
151.0
112.0
147.0
142.0
121.0
124.0
189.0
140.0
110.0
150.0
179.0
107.0
153.0
145.0
169.0
196.0
200.0
200.0
200.0
87.0
200.0
200.0
200.0
192.0
200.0
81.0
123.0
81.0
200.0
200.0
154.0
161.0
130.0
133.0
134.0
114.0
114.0
119.0
108.0
106.0
118.0
165.0
124.0
159.0
140.0
200.0
185.0
200.0
200.0
200.0
200.0
200.0
52.0
46.0
45.0
66.0
95.0
68.0
200.0
200.0
200.0
197.0
200.0
88.0
78.0
200.0
200.0
159.0
183.0
173.0
190.0
137.0
129.0
137.0
154.0
148.0
149.0
137.0
136.0
200.0
129.0
139.0
164.0
165.0
195.0
179.0
200.0
157.0
105.0
194.0
165.0
200.0
200.0
57.0
200.0
200.0
200.0
200.0
200.0
200.0
200.0
200.0
200.0
88.0
200.0
200.0
200.0
59.0
200.0
172.0
200.0
200.0
200.0
200.0
144.0
123.0
200.0
109.0
121.0
141.0
156.0
112.0
120.0
200.0
200.0
200.0
184.0
200.0
60.0
58.0
200.0
200.0
200.0
84.0
90.0
53.0
200.0
200.0
98.0
200.0
77.0
81.0
200.0
200.0
200.0
200.0
136.0
127.0
136.0
127.0
123.0
153.0
132.0
200.0
187.0
149.0
200.0
174.0
167.0
200.0
200.0
140.0
84.0
67.0
59.0
46.0
53.0
53.0
69.0
52.0
56.0
80.0
200.0
200.0
200.0
200.0
200.0
200.0
199.0
200.0
200.0
200.0
200.0
200.0
177.0
66.0
55.0
108.0
71.0
50.0
84.0
73.0
86.0
71.0
49.0
56.0
57.0
48.0
129.0
133.0
200.0
200.0
200.0
200.0
200.0
200.0
200.0
200.0
200.0
200.0
80.0
200.0
82.0
166.0
200.0
188.0
200.0
200.0
