9.0
36.0
16.0
33.0
22.0
23.0
12.0
16.0
39.0
19.0
44.0
19.0
11.0
25.0
11.0
16.0
19.0
11.0
24.0
16.0
10.0
19.0
62.0
18.0
19.0
14.0
36.0
34.0
14.0
17.0
35.0
16.0
21.0
27.0
32.0
23.0
30.0
31.0
57.0
14.0
40.0
23.0
15.0
23.0
57.0
27.0
23.0
24.0
10.0
20.0
31.0
29.0
12.0
16.0
18.0
19.0
29.0
15.0
28.0
16.0
12.0
36.0
14.0
12.0
19.0
17.0
19.0
22.0
37.0
13.0
18.0
10.0
30.0
17.0
20.0
27.0
11.0
25.0
56.0
23.0
18.0
17.0
18.0
12.0
45.0
28.0
36.0
19.0
23.0
50.0
15.0
16.0
25.0
18.0
35.0
65.0
15.0
11.0
23.0
10.0
25.0
14.0
25.0
12.0
18.0
17.0
13.0
30.0
14.0
19.0
21.0
31.0
37.0
20.0
20.0
11.0
15.0
9.0
24.0
19.0
18.0
11.0
19.0
28.0
53.0
15.0
14.0
29.0
14.0
15.0
12.0
13.0
30.0
13.0
35.0
19.0
19.0
11.0
15.0
15.0
19.0
10.0
10.0
49.0
18.0
23.0
11.0
30.0
17.0
14.0
19.0
20.0
26.0
37.0
42.0
66.0
13.0
15.0
25.0
11.0
35.0
10.0
26.0
11.0
29.0
13.0
48.0
23.0
13.0
13.0
12.0
36.0
13.0
34.0
20.0
15.0
11.0
21.0
30.0
10.0
63.0
68.0
29.0
21.0
16.0
11.0
17.0
19.0
17.0
10.0
20.0
12.0
45.0
8.0
14.0
21.0
51.0
14.0
25.0
22.0
13.0
13.0
11.0
21.0
17.0
15.0
9.0
11.0
18.0
18.0
16.0
13.0
10.0
17.0
27.0
16.0
14.0
16.0
28.0
14.0
11.0
15.0
37.0
31.0
24.0
13.0
9.0
11.0
99.0
21.0
32.0
48.0
17.0
18.0
25.0
13.0
19.0
18.0
53.0
9.0
14.0
12.0
16.0
11.0
19.0
24.0
10.0
12.0
22.0
13.0
14.0
12.0
26.0
13.0
14.0
24.0
17.0
19.0
14.0
30.0
22.0
15.0
29.0
11.0
14.0
17.0
15.0
10.0
8.0
33.0
17.0
38.0
15.0
13.0
20.0
19.0
15.0
13.0
10.0
38.0
23.0
16.0
14.0
11.0
18.0
11.0
12.0
12.0
10.0
10.0
8.0
12.0
10.0
13.0
13.0
12.0
31.0
14.0
12.0
25.0
12.0
12.0
21.0
16.0
19.0
15.0
18.0
32.0
13.0
26.0
15.0
11.0
17.0
15.0
15.0
25.0
10.0
40.0
10.0
13.0
19.0
16.0
22.0
14.0
20.0
10.0
11.0
14.0
16.0
17.0
17.0
17.0
11.0
21.0
26.0
16.0
13.0
21.0
42.0
17.0
9.0
8.0
13.0
24.0
14.0
17.0
18.0
22.0
15.0
23.0
12.0
11.0
13.0
16.0
16.0
16.0
55.0
14.0
10.0
22.0
11.0
16.0
21.0
23.0
14.0
14.0
12.0
22.0
21.0
14.0
24.0
18.0
36.0
13.0
11.0
20.0
20.0
26.0
16.0
24.0
23.0
10.0
34.0
15.0
12.0
14.0
11.0
10.0
21.0
16.0
48.0
13.0
16.0
17.0
31.0
24.0
23.0
16.0
26.0
14.0
15.0
10.0
18.0
14.0
14.0
52.0
15.0
12.0
15.0
16.0
23.0
20.0
16.0
12.0
12.0
13.0
9.0
14.0
24.0
14.0
28.0
9.0
13.0
16.0
10.0
33.0
11.0
12.0
27.0
13.0
19.0
14.0
13.0
17.0
12.0
25.0
12.0
14.0
13.0
8.0
28.0
15.0
12.0
12.0
13.0
11.0
27.0
14.0
23.0
21.0
17.0
16.0
12.0
79.0
13.0
19.0
17.0
12.0
23.0
15.0
25.0
9.0
16.0
16.0
19.0
16.0
12.0
27.0
16.0
28.0
12.0
13.0
14.0
11.0
18.0
24.0
9.0
15.0
11.0
14.0
24.0
22.0
17.0
21.0
21.0
14.0
13.0
28.0
23.0
12.0
9.0
10.0
14.0
13.0
15.0
17.0
17.0
26.0
25.0
11.0
18.0
22.0
25.0
9.0
20.0
12.0
15.0
11.0
19.0
17.0
15.0
17.0
15.0
11.0
22.0
11.0
14.0
38.0
25.0
16.0
13.0
19.0
25.0
10.0
24.0
12.0
18.0
17.0
15.0
13.0
13.0
13.0
13.0
11.0
13.0
11.0
24.0
21.0
12.0
33.0
13.0
10.0
11.0
64.0
32.0
27.0
11.0
16.0
16.0
19.0
10.0
16.0
11.0
14.0
20.0
15.0
13.0
20.0
13.0
35.0
26.0
29.0
15.0
12.0
12.0
19.0
29.0
13.0
11.0
18.0
18.0
8.0
12.0
12.0
22.0
26.0
15.0
18.0
21.0
23.0
15.0
17.0
13.0
14.0
10.0
9.0
15.0
11.0
17.0
10.0
17.0
19.0
13.0
43.0
10.0
15.0
11.0
18.0
15.0
13.0
18.0
11.0
20.0
57.0
20.0
17.0
19.0
20.0
14.0
12.0
11.0
20.0
11.0
20.0
14.0
10.0
15.0
24.0
12.0
17.0
10.0
12.0
12.0
10.0
12.0
24.0
13.0
15.0
22.0
31.0
15.0
33.0
19.0
11.0
10.0
27.0
14.0
12.0
30.0
15.0
31.0
14.0
14.0
14.0
12.0
21.0
10.0
14.0
8.0
12.0
14.0
12.0
13.0
16.0
15.0
17.0
14.0
14.0
12.0
12.0
25.0
12.0
13.0
28.0
16.0
20.0
22.0
11.0
38.0
23.0
17.0
11.0
13.0
18.0
26.0
28.0
18.0
13.0
31.0
16.0
21.0
34.0
17.0
47.0
11.0
15.0
23.0
13.0
10.0
14.0
15.0
35.0
12.0
35.0
17.0
13.0
40.0
11.0
9.0
33.0
20.0
14.0
13.0
18.0
33.0
33.0
12.0
17.0
21.0
36.0
13.0
9.0
10.0
21.0
17.0
19.0
9.0
22.0
15.0
16.0
13.0
13.0
33.0
13.0
15.0
9.0
20.0
15.0
12.0
16.0
13.0
30.0
19.0
12.0
13.0
14.0
20.0
15.0
21.0
17.0
20.0
10.0
17.0
22.0
15.0
15.0
34.0
11.0
20.0
15.0
21.0
40.0
9.0
13.0
18.0
11.0
11.0
14.0
17.0
19.0
11.0
17.0
11.0
30.0
16.0
16.0
16.0
14.0
17.0
16.0
20.0
44.0
25.0
17.0
27.0
13.0
16.0
10.0
13.0
13.0
10.0
12.0
28.0
21.0
9.0
9.0
26.0
10.0
14.0
17.0
13.0
20.0
19.0
14.0
13.0
10.0
19.0
12.0
13.0
18.0
12.0
19.0
19.0
9.0
11.0
20.0
14.0
12.0
17.0
27.0
10.0
15.0
25.0
17.0
15.0
11.0
23.0
30.0
21.0
18.0
29.0
10.0
13.0
14.0
29.0
10.0
13.0
13.0
19.0
13.0
14.0
27.0
11.0
69.0
24.0
13.0
57.0
66.0
62.0
20.0
13.0
81.0
20.0
29.0
24.0
74.0
37.0
55.0
21.0
31.0
56.0
58.0
27.0
39.0
49.0
35.0
49.0
49.0
110.0
14.0
55.0
20.0
15.0
20.0
32.0
60.0
36.0
78.0
21.0
9.0
47.0
55.0
87.0
101.0
103.0
39.0
18.0
14.0
10.0
71.0
63.0
67.0
65.0
49.0
77.0
56.0
38.0
21.0
36.0
45.0
138.0
47.0
24.0
31.0
9.0
45.0
95.0
39.0
80.0
36.0
105.0
67.0
54.0
43.0
86.0
110.0
70.0
30.0
33.0
18.0
37.0
40.0
84.0
51.0
92.0
113.0
47.0
80.0
34.0
59.0
46.0
24.0
41.0
66.0
54.0
23.0
35.0
41.0
53.0
36.0
63.0
35.0
32.0
43.0
33.0
53.0
30.0
20.0
55.0
27.0
70.0
25.0
18.0
80.0
86.0
66.0
90.0
22.0
80.0
44.0
48.0
52.0
57.0
61.0
51.0
22.0
96.0
47.0
34.0
34.0
54.0
63.0
76.0
37.0
100.0
89.0
103.0
85.0
16.0
36.0
44.0
64.0
59.0
55.0
38.0
14.0
79.0
68.0
47.0
59.0
41.0
51.0
25.0
18.0
99.0
109.0
81.0
80.0
69.0
98.0
43.0
66.0
28.0
78.0
139.0
81.0
22.0
70.0
47.0
76.0
21.0
99.0
88.0
46.0
63.0
59.0
75.0
28.0
42.0
36.0
38.0
72.0
81.0
75.0
77.0
61.0
37.0
23.0
110.0
79.0
28.0
43.0
26.0
93.0
94.0
39.0
19.0
69.0
74.0
31.0
106.0
44.0
77.0
27.0
58.0
60.0
104.0
33.0
11.0
63.0
59.0
49.0
48.0
55.0
48.0
60.0
61.0
19.0
54.0
41.0
40.0
132.0
57.0
49.0
114.0
75.0
75.0
35.0
103.0
49.0
57.0
65.0
61.0
59.0
44.0
58.0
48.0
46.0
37.0
127.0
66.0
48.0
43.0
55.0
45.0
106.0
62.0
90.0
52.0
103.0
67.0
77.0
94.0
83.0
80.0
60.0
59.0
61.0
66.0
53.0
73.0
57.0
90.0
91.0
48.0
82.0
80.0
105.0
48.0
117.0
79.0
61.0
49.0
63.0
86.0
44.0
92.0
46.0
73.0
143.0
106.0
86.0
58.0
127.0
67.0
84.0
200.0
62.0
81.0
42.0
58.0
40.0
63.0
75.0
55.0
76.0
118.0
60.0
53.0
43.0
72.0
49.0
61.0
191.0
112.0
82.0
60.0
85.0
170.0
97.0
71.0
67.0
143.0
200.0
112.0
41.0
17.0
66.0
55.0
22.0
64.0
49.0
87.0
88.0
65.0
86.0
69.0
71.0
124.0
135.0
132.0
47.0
125.0
57.0
67.0
56.0
95.0
29.0
67.0
52.0
48.0
54.0
74.0
54.0
103.0
91.0
35.0
30.0
69.0
43.0
41.0
145.0
71.0
44.0
53.0
65.0
75.0
71.0
73.0
123.0
101.0
48.0
63.0
50.0
82.0
158.0
89.0
82.0
42.0
79.0
51.0
83.0
39.0
71.0
100.0
85.0
46.0
68.0
60.0
139.0
56.0
56.0
41.0
100.0
76.0
54.0
101.0
60.0
61.0
60.0
54.0
90.0
74.0
55.0
87.0
57.0
64.0
67.0
48.0
64.0
50.0
108.0
42.0
51.0
59.0
104.0
37.0
56.0
46.0
48.0
133.0
33.0
45.0
76.0
67.0
65.0
89.0
52.0
47.0
66.0
70.0
102.0
63.0
103.0
165.0
61.0
53.0
154.0
61.0
74.0
155.0
64.0
168.0
127.0
72.0
56.0
73.0
50.0
88.0
55.0
50.0
68.0
46.0
72.0
135.0
69.0
49.0
62.0
60.0
73.0
68.0
43.0
63.0
56.0
72.0
53.0
76.0
80.0
78.0
200.0
113.0
84.0
127.0
100.0
62.0
200.0
72.0
68.0
187.0
118.0
88.0
81.0
79.0
57.0
200.0
107.0
98.0
74.0
75.0
200.0
113.0
200.0
93.0
157.0
200.0
200.0
134.0
172.0
58.0
78.0
200.0
200.0
93.0
139.0
58.0
63.0
200.0
200.0
58.0
69.0
141.0
68.0
72.0
157.0
49.0
58.0
44.0
61.0
78.0
120.0
110.0
50.0
60.0
57.0
62.0
52.0
68.0
124.0
53.0
103.0
72.0
200.0
63.0
180.0
68.0
61.0
96.0
200.0
200.0
200.0
200.0
190.0
78.0
82.0
200.0
79.0
130.0
98.0
66.0
200.0
68.0
132.0
200.0
56.0
200.0
200.0
134.0
200.0
70.0
123.0
107.0
68.0
68.0
54.0
50.0
55.0
70.0
84.0
47.0
43.0
49.0
73.0
64.0
75.0
115.0
171.0
75.0
68.0
105.0
47.0
80.0
110.0
69.0
58.0
57.0
68.0
49.0
48.0
69.0
145.0
60.0
78.0
60.0
80.0
45.0
78.0
41.0
52.0
97.0
71.0
69.0
100.0
71.0
65.0
52.0
52.0
61.0
115.0
64.0
94.0
52.0
76.0
63.0
52.0
69.0
61.0
43.0
65.0
45.0
47.0
45.0
41.0
97.0
68.0
67.0
52.0
143.0
46.0
53.0
39.0
67.0
57.0
62.0
157.0
47.0
173.0
84.0
79.0
45.0
62.0
82.0
61.0
200.0
79.0
70.0
139.0
88.0
90.0
112.0
140.0
77.0
200.0
75.0
53.0
93.0
74.0
50.0
138.0
107.0
79.0
195.0
45.0
57.0
44.0
73.0
39.0
38.0
39.0
37.0
43.0
41.0
91.0
69.0
40.0
65.0
39.0
35.0
40.0
45.0
114.0
53.0
47.0
43.0
34.0
39.0
44.0
107.0
53.0
47.0
54.0
52.0
71.0
49.0
63.0
35.0
62.0
98.0
199.0
61.0
51.0
50.0
79.0
43.0
105.0
79.0
83.0
49.0
59.0
47.0
87.0
48.0
57.0
200.0
85.0
76.0
43.0
50.0
46.0
55.0
39.0
61.0
38.0
47.0
66.0
64.0
83.0
75.0
75.0
55.0
38.0
81.0
50.0
59.0
71.0
96.0
57.0
101.0
46.0
78.0
52.0
41.0
55.0
77.0
60.0
59.0
38.0
50.0
34.0
33.0
47.0
42.0
42.0
67.0
44.0
40.0
54.0
200.0
195.0
46.0
45.0
73.0
50.0
58.0
81.0
119.0
49.0
61.0
59.0
90.0
47.0
47.0
47.0
54.0
96.0
200.0
66.0
41.0
45.0
200.0
33.0
33.0
40.0
53.0
51.0
38.0
47.0
44.0
30.0
65.0
158.0
29.0
45.0
60.0
38.0
35.0
45.0
49.0
79.0
57.0
48.0
59.0
61.0
56.0
41.0
73.0
38.0
37.0
114.0
45.0
54.0
46.0
70.0
54.0
49.0
37.0
42.0
48.0
200.0
56.0
35.0
38.0
56.0
92.0
41.0
45.0
58.0
51.0
36.0
44.0
200.0
51.0
46.0
41.0
48.0
73.0
97.0
66.0
71.0
39.0
53.0
42.0
40.0
41.0
50.0
88.0
44.0
37.0
43.0
55.0
54.0
62.0
66.0
90.0
176.0
200.0
46.0
43.0
55.0
56.0
149.0
46.0
50.0
52.0
200.0
45.0
47.0
54.0
48.0
81.0
55.0
122.0
94.0
44.0
65.0
45.0
101.0
45.0
37.0
200.0
32.0
64.0
35.0
40.0
60.0
41.0
53.0
50.0
99.0
42.0
35.0
37.0
108.0
39.0
39.0
43.0
40.0
37.0
36.0
42.0
53.0
53.0
31.0
37.0
50.0
41.0
57.0
67.0
67.0
43.0
57.0
41.0
56.0
42.0
53.0
49.0
104.0
82.0
39.0
76.0
55.0
41.0
64.0
37.0
35.0
37.0
50.0
200.0
200.0
72.0
57.0
39.0
33.0
145.0
40.0
63.0
56.0
74.0
47.0
47.0
38.0
200.0
47.0
45.0
115.0
44.0
144.0
39.0
55.0
200.0
35.0
146.0
34.0
87.0
49.0
61.0
42.0
41.0
57.0
47.0
49.0
64.0
58.0
36.0
54.0
44.0
41.0
57.0
48.0
58.0
43.0
27.0
57.0
200.0
75.0
50.0
60.0
127.0
200.0
103.0
40.0
35.0
42.0
35.0
45.0
200.0
29.0
101.0
54.0
93.0
50.0
200.0
33.0
39.0
33.0
44.0
41.0
39.0
121.0
54.0
35.0
38.0
44.0
53.0
69.0
30.0
52.0
37.0
39.0
59.0
41.0
200.0
33.0
84.0
40.0
36.0
57.0
35.0
43.0
200.0
41.0
31.0
37.0
39.0
59.0
73.0
57.0
39.0
122.0
57.0
37.0
69.0
46.0
34.0
60.0
56.0
45.0
40.0
47.0
64.0
50.0
44.0
37.0
35.0
35.0
200.0
58.0
158.0
52.0
35.0
43.0
60.0
41.0
35.0
37.0
63.0
97.0
32.0
36.0
38.0
33.0
39.0
39.0
31.0
134.0
59.0
53.0
47.0
66.0
45.0
33.0
44.0
33.0
41.0
47.0
71.0
35.0
38.0
35.0
73.0
94.0
49.0
143.0
63.0
37.0
200.0
36.0
45.0
200.0
141.0
53.0
58.0
36.0
47.0
32.0
58.0
48.0
33.0
39.0
101.0
43.0
34.0
33.0
35.0
50.0
66.0
54.0
28.0
33.0
58.0
74.0
200.0
200.0
200.0
56.0
38.0
41.0
78.0
42.0
43.0
30.0
49.0
45.0
55.0
188.0
42.0
28.0
44.0
38.0
43.0
40.0
41.0
31.0
49.0
39.0
33.0
70.0
39.0
35.0
34.0
50.0
30.0
25.0
75.0
108.0
33.0
57.0
43.0
103.0
42.0
42.0
47.0
42.0
40.0
46.0
36.0
57.0
50.0
122.0
143.0
51.0
38.0
50.0
31.0
36.0
48.0
48.0
90.0
33.0
145.0
32.0
44.0
50.0
200.0
50.0
32.0
66.0
54.0
38.0
44.0
33.0
200.0
50.0
41.0
200.0
113.0
93.0
103.0
109.0
130.0
110.0
115.0
38.0
119.0
88.0
116.0
132.0
116.0
100.0
126.0
107.0
100.0
138.0
104.0
115.0
105.0
116.0
119.0
113.0
114.0
119.0
114.0
96.0
105.0
123.0
106.0
104.0
98.0
108.0
100.0
108.0
108.0
121.0
105.0
120.0
144.0
105.0
114.0
68.0
177.0
133.0
92.0
200.0
168.0
190.0
103.0
133.0
200.0
200.0
200.0
87.0
100.0
146.0
200.0
200.0
71.0
200.0
200.0
68.0
78.0
200.0
200.0
200.0
78.0
200.0
200.0
200.0
177.0
66.0
189.0
200.0
200.0
168.0
150.0
200.0
170.0
91.0
104.0
60.0
200.0
200.0
200.0
200.0
83.0
74.0
78.0
56.0
56.0
99.0
58.0
39.0
47.0
61.0
41.0
34.0
36.0
70.0
57.0
51.0
44.0
61.0
83.0
88.0
45.0
62.0
200.0
43.0
51.0
55.0
119.0
53.0
200.0
60.0
200.0
200.0
190.0
200.0
200.0
66.0
200.0
200.0
200.0
133.0
200.0
200.0
200.0
200.0
200.0
200.0
200.0
200.0
200.0
200.0
72.0
200.0
200.0
200.0
63.0
200.0
200.0
92.0
200.0
94.0
200.0
200.0
200.0
158.0
200.0
200.0
84.0
200.0
73.0
200.0
200.0
200.0
200.0
200.0
200.0
200.0
200.0
200.0
200.0
200.0
200.0
200.0
200.0
200.0
200.0
88.0
200.0
200.0
200.0
200.0
200.0
200.0
72.0
63.0
168.0
188.0
66.0
200.0
200.0
200.0
86.0
200.0
84.0
200.0
200.0
200.0
200.0
200.0
137.0
200.0
200.0
200.0
200.0
200.0
200.0
200.0
200.0
200.0
200.0
200.0
200.0
200.0
200.0
200.0
200.0
200.0
200.0
200.0
200.0
200.0
76.0
53.0
82.0
200.0
200.0
200.0
200.0
200.0
200.0
200.0
200.0
85.0
200.0
200.0
200.0
200.0
200.0
200.0
200.0
200.0
200.0
200.0
200.0
200.0
200.0
200.0
200.0
200.0
200.0
200.0
200.0
200.0
200.0
200.0
200.0
200.0
200.0
200.0
200.0
200.0
200.0
200.0
200.0
200.0
200.0
200.0
200.0
200.0
200.0
200.0
200.0
200.0
200.0
200.0
200.0
200.0
200.0
200.0
200.0
200.0
200.0
200.0
200.0
200.0
200.0
200.0
200.0
200.0
200.0
200.0
200.0
200.0
200.0
200.0
200.0
200.0
200.0
200.0
200.0
200.0
200.0
200.0
200.0
200.0
200.0
200.0
200.0
200.0
200.0
200.0
200.0
200.0
200.0
200.0
200.0
200.0
95.0
200.0
200.0
200.0
200.0
200.0
89.0
200.0
200.0
200.0
200.0
200.0
200.0
200.0
88.0
200.0
103.0
200.0
200.0
200.0
178.0
200.0
200.0
200.0
200.0
200.0
200.0
200.0
200.0
200.0
200.0
200.0
200.0
200.0
200.0
200.0
200.0
200.0
200.0
200.0
200.0
200.0
200.0
200.0
200.0
88.0
200.0
200.0
103.0
126.0
200.0
200.0
200.0
200.0
200.0
200.0
200.0
200.0
200.0
200.0
200.0
200.0
200.0
200.0
200.0
200.0
198.0
200.0
200.0
200.0
200.0
200.0
200.0
200.0
200.0
200.0
200.0
200.0
200.0
200.0
200.0
200.0
200.0
200.0
200.0
200.0
87.0
128.0
200.0
199.0
129.0
200.0
200.0
113.0
200.0
200.0
200.0
200.0
200.0
200.0
200.0
200.0
200.0
200.0
200.0
200.0
200.0
200.0
200.0
200.0
200.0
200.0
200.0
200.0
200.0
200.0
200.0
200.0
200.0
200.0
200.0
200.0
200.0
200.0
200.0
200.0
200.0
200.0
200.0
200.0
200.0
200.0
200.0
200.0
200.0
200.0
200.0
200.0
200.0
200.0
200.0
200.0
200.0
200.0
200.0
200.0
200.0
200.0
200.0
200.0
200.0
200.0
200.0
200.0
200.0
200.0
200.0
200.0
200.0
200.0
200.0
200.0
200.0
200.0
200.0
200.0
200.0
200.0
200.0
200.0
200.0
200.0
136.0
200.0
200.0
200.0
200.0
200.0
200.0
200.0
200.0
200.0
200.0
200.0
200.0
200.0
200.0
200.0
200.0
200.0
200.0
200.0
200.0
200.0
200.0
200.0
200.0
200.0
200.0
200.0
200.0
200.0
200.0
200.0
200.0
200.0
200.0
200.0
200.0
200.0
200.0
200.0
200.0
200.0
200.0
200.0
200.0
200.0
200.0
200.0
200.0
200.0
200.0
200.0
200.0
200.0
200.0
200.0
200.0
178.0
200.0
200.0
200.0
200.0
200.0
200.0
200.0
200.0
200.0
200.0
200.0
200.0
200.0
200.0
200.0
200.0
200.0
200.0
200.0
200.0
200.0
200.0
200.0
200.0
200.0
200.0
200.0
200.0
200.0
168.0
200.0
200.0
150.0
200.0
200.0
200.0
200.0
200.0
200.0
200.0
200.0
200.0
200.0
200.0
200.0
200.0
200.0
200.0
200.0
200.0
200.0
200.0
200.0
200.0
200.0
200.0
200.0
200.0
200.0
200.0
200.0
200.0
200.0
200.0
200.0
200.0
200.0
200.0
200.0
200.0
200.0
200.0
200.0
200.0
200.0
200.0
200.0
200.0
200.0
200.0
200.0
200.0
200.0
200.0
200.0
200.0
200.0
200.0
200.0
200.0
200.0
200.0
200.0
200.0
200.0
200.0
200.0
200.0
200.0
200.0
200.0
200.0
200.0
200.0
200.0
200.0
200.0
200.0
200.0
200.0
200.0
200.0
200.0
200.0
200.0
200.0
200.0
200.0
200.0
200.0
200.0
200.0
200.0
200.0
200.0
200.0
200.0
200.0
200.0
200.0
200.0
200.0
200.0
200.0
200.0
200.0
200.0
200.0
200.0
200.0
200.0
200.0
193.0
200.0
200.0
200.0
200.0
200.0
200.0
200.0
200.0
200.0
200.0
200.0
200.0
200.0
200.0
200.0
200.0
200.0
200.0
200.0
200.0
200.0
200.0
200.0
200.0
200.0
200.0
200.0
200.0
200.0
200.0
200.0
200.0
200.0
185.0
200.0
200.0
200.0
200.0
169.0
200.0
200.0
200.0
200.0
188.0
192.0
192.0
200.0
200.0
200.0
200.0
200.0
200.0
200.0
200.0
200.0
200.0
200.0
200.0
200.0
200.0
200.0
200.0
200.0
200.0
200.0
200.0
200.0
200.0
200.0
200.0
200.0
200.0
200.0
200.0
200.0
200.0
200.0
200.0
200.0
200.0
180.0
178.0
199.0
179.0
200.0
200.0
186.0
200.0
200.0
200.0
200.0
200.0
200.0
200.0
120.0
143.0
200.0
200.0
200.0
121.0
200.0
124.0
200.0
200.0
200.0
200.0
200.0
200.0
200.0
200.0
200.0
200.0
200.0
200.0
200.0
200.0
200.0
200.0
200.0
200.0
200.0
200.0
200.0
200.0
200.0
200.0
200.0
200.0
200.0
200.0
200.0
200.0
200.0
200.0
200.0
200.0
200.0
200.0
200.0
200.0
200.0
200.0
200.0
200.0
200.0
200.0
200.0
200.0
200.0
200.0
200.0
165.0
200.0
200.0
200.0
200.0
200.0
200.0
200.0
200.0
200.0
200.0
200.0
200.0
200.0
200.0
200.0
200.0
200.0
200.0
200.0
200.0
200.0
200.0
200.0
200.0
200.0
200.0
200.0
200.0
200.0
200.0
118.0
200.0
200.0
200.0
200.0
200.0
200.0
200.0
200.0
200.0
200.0
200.0
200.0
200.0
200.0
200.0
200.0
200.0
200.0
200.0
200.0
200.0
200.0
200.0
200.0
200.0
200.0
200.0
200.0
200.0
200.0
200.0
98.0
116.0
141.0
200.0
200.0
110.0
97.0
144.0
200.0
199.0
200.0
200.0
170.0
200.0
200.0
200.0
200.0
200.0
200.0
200.0
200.0
200.0
200.0
200.0
200.0
200.0
200.0
200.0
200.0
200.0
200.0
200.0
200.0
200.0
200.0
200.0
200.0
200.0
200.0
200.0
200.0
200.0
200.0
200.0
200.0
200.0
200.0
112.0
164.0
200.0
93.0
106.0
106.0
58.0
92.0
132.0
87.0
96.0
77.0
67.0
105.0
77.0
110.0
148.0
200.0
81.0
93.0
200.0
200.0
200.0
200.0
200.0
200.0
200.0
200.0
200.0
200.0
200.0
200.0
200.0
163.0
144.0
200.0
200.0
200.0
200.0
200.0
200.0
200.0
200.0
200.0
200.0
200.0
200.0
200.0
